8311 8310 8312 8314 8315 154276 154272 154269 154262 154264 123573 123536 123498 123494 123493 123489 123490 123491 123492 123495 123496 123497 123499 123502 123503 123516 123551 123568 123582 132279 132278 132280 132282 132284 132287 132291 132288 132289 132293 132302 132315 132326 132330 132316 132351 132364 132380 159222 159224 159225 159226 159229 159231 159235 159238 159240 138611 138569 138563 138544 138534 138532 138541 138543 138570 138576 142074 142073 142059 142056 142047 142040 142009 142020 142024 142026 142030 142033 142036 142045 135558 135492 135470 135469 135462 135457 135451 135460 135476 135478 135517 135520 135528 135540 135548 123131 123124 123121 123120 123117 123118 123126 123132 123147 123163 123201 145635 142695 142689 142687 142692 142701 148555 148556 148557 134466 134443 134437 134435 134431 134406 134402 134387 134378 134388 134389 134396 134399 134454 134472 149496 149493 149469 149461 149458 149506 149511 142915 142871 142868 142867 142858 151267 131002 130981 130977 130992 131013 131030 144304 144312 144311 144288 144303 144307 144310 155485 155478 155472 155466 155496 155489 155503 155528 166835 166836 166837 166839 166843 166844 166867 163948 163934 163925 163937 163947 163956 171247 171235 171224 171209 171218 171226 171238 8797 8815 3292 3272 3249 3234 3233 3208 3239 3264 11302 8804 8791 8775 8812 14388 8806 8816 14362 17272 13373 13337 13328 13346 13374 18457 18461 18482 18485 18469 20263 18494 20257 20262
6494.05 mins
4562.57 km
1.05 km
4561.52 km

30670 30663 30683 30673 30661 30643 30636 30632 30629 30627 30619 30617 30609 30608 24220 24203 24224 24230 14251 14228 14226 14224 14237 14227 14225 14216 14206 14202 14190 14217 6136 6124 16342 6134 6133 13256 13255 13254 13252 13253 3773 3767 3756 3752 3755 13662 13661 3660 3655 3662 3632 3628 3618 3622 3643 3648 3642 4902 4895 4880 4868 4865 4859 4864 4870 4878 4891 4905 4915 4939 4928 4955 11692 11690 11694 11700 11693 11691 11687 7377 7331 7303 7287 7302 7338 7378 6626 6631 12185 6605 6580 6573 6576 6579 6609 11178 11177 10154 10159 10164 10165 10167 10162 10184 10211 169709 169706 169704 169701 169711 169713 169716 169717 169718 169726 169746 169751 169753 169755 167114 167111 167108 167102 167106 167101 3544 3531 3497 3494 3481 3461 3444 3437 3436 3435 3432 3431 1050 1045 1038 1010 970 964 956 952 950 960 955 953 957 961 969 983 997 1017 1025 5760 1049 1043
3279.79 mins
1804.06 km
2.99 km
1801.07 km

32152 32147 32132 32127 32130 32204 38878 38871 38891 38893 38915 38928 38932 42305 42293 42300 42339 45544 45529 45518 43683 45527 45540 45537 45554 50177 50178 50179 50184 50211 50232 50261 50289 54682 46477 54688 54690 54700 54697 54693 54710 54725 54736 54749 54787 57723 57766 59112 59110 59107 59118 59138 59151 59164 69695 63983 63967 70106 63982 70117 67312 67290 67283 67293 67306 74313 74314 74315 74316 74317 74320 74337 74319 74322 74323 74324 74326 74329 74344 74350 74354 74356 74380 74384 74391 74410 110032 110033 110035 110036 110045 110059 110069 110074 110080 110089 110106 110120 110134 110100 110109 110138 128119 128121 128123 128126 128127 128128 128135 128139 128148 128152 128159 128163 128176 128184 128197 128222 134013 134018 134026 134032 134048 134069 137318 137332 144104 144121 144122 144123 144097 144102 144129 144159 144173 144190 150490 150462 150475 150484 150501 153955 153970 153979 154003 154008 154043 163287 163277 163268 163270 163250 163253 163255 163248 163243 163269 163276 163292 163311 163314 172232 172229 167678 173125 173126 173129 173132 173127 167654 167669 221 185 176 167 181 184 160 158 142 146 163 153 157 162 186 191 2751 2746 2726 2745 12597 12595 12592 12590 12589 12586 12587 11114 11085 11180 11181 11182 11184 11185 11187 11188 11201 11205 11208 3052 3017 3055 3065 5913 5909 5906 5905 5908 5923 5928 5935 5938 5945 5956 5970 20414 20418 19286 19266 19282 19285 19272 19292 29429 29425 29420 29423 29426 29430 29433 29434 29436 29437 29445 29449 29460 29462 29470 29488 29498 29495 63748 57276 63768 63763 63765 63769 63771 63772 63773 63775 63778 63789 63785 63804 63806 63832 80833 80835 78637 78633 86017 86010 86003 86001 86005 86014 86015 86023 86031 93300 93301 93302 93303 93310 93312 93319 93321 93323 93326 93328 93329 93333 93334 93343 93360 93366 93372 93410 93413 93416 115556 115578 115582 115587 125657 125658 125659 125660 125664 125666 125672 125674 125683 125686 125687 125690 125692 125697 125719 125738 125748 125749 125751 150641 150640 12931 12929 12927 12921 12923 12928 11903 11901 11868 11874 11884 11892 11893 11894 11895 12856 12855 12853 10131 10125 24365 24366 24368 24373 24374 24376
9621.86 mins
6195.05 km
0 km
6195.05 km

2076 2073 2068 2066 2055 2036 2038 2042 2048 2060 2062 2064 2065 2090 2097 159982 159983 159984 159985 159986 159987 159988 159989 150752 150747 150734 150731 150730 150688 150686 150682 150677 150671 150670 150668 150667 150663 150662 150661 150660 150658 150652 150651 150657 150672 150673 150674 150678 150687 150690 150693 150696 150699 150705 150714 150722 150727 150729 150736 150739 150741 150744 150754 150761 168941 168942 173907 173908 168924 168920 168926 168933 173911 173913 173914 4587 4604 10018 10017 10011 10012 10013 10016 4586 4589 4595 14817 14811 14828 14831 14835 14837 14853 14876 14128 14124 18388 14121 14108 14105 14141 15184 15187 15190 15194 15197 15241 17402 17405 17411 17412 17417 17433 17455 17468 15937 21728 21720 21717 21710 21706 10896 10872 10854 10840 10834 10852 10879 10884 10889 10893 10898 784 732 720 722 738 766 794 1456 1442 1426 1448 8408 8398 8413 8396 174577 174576 165313 7479 165304 165309 165315 165317 170726 170715 170716 170719 170724 170728 170730 170732 6490 6506 7579 7571 7565 7561 7560 7553 7551 7545 7547 7556 7558 7564 6463 6442 6445 6449 6476 6480 6479 6483 6487 6504 8147 8176 21223 21224 21227 21230 21228 21236 21242 21243 21252 21258 21275 21276 21292 21310 21321 21333 29136 29120 29103 21338 29066 29078 29077 29085 29094 29100
5609.51 mins
3444.62 km
1.73 km
3442.88 km

5158 5184 5196 9186 9184 9213 9215 9188 9180 9222 9233 9235 9238 9241 9256 9272 9282 14022 14035 14039 14040 14041 117 36 38 44 33227 33228 33231 33235 33237 33248 33252 33253 33257 33258 33259 33267 33268 33271 33272 33275 33286 33294 33304 33315 33326 72698 72699 72700 72702 70071 73735 73736 73737 73745 70061 70000 70020 70022 70023 70037 70053 70064 78192 78191 78175 78163 78151 78156 78170 78176 78178 78189 78235 78252 84910 84912 84932 84947 84931 84926 84913 84917 84924 84930 84952 84957 84979 84992 84998 92329 92330 92331 92333 92336 92338 92345 92354 92355 92359 92362 92367 92378 87008 92392 92405 92418 87005 93096 93095 86450 86437 86452 86431 86423 86442 86451 87934 87930 87932 87935 87936 87939 87943 88004 88006 88007 88008 88009 88011 88013 88014 88019 88021 88026 131105 131093 131097 131111 131112 131114 131117 131118 131120 131121 131128 131144 131146 131145 131152 131161 131172 155695 155701 155708 155710 155712 155715 155719 155726 155739 155756 155775 164357 164347 164348 164349 164351 164360 164364 164371 164374 164389 164404 164423 164414 164438 164450 172427 172430 172432 172442 172445 172448 172451 166828 172462 172467 172487 172491 172495 172506 172880 172881 172514 172517 172888 172886 172883 172885 172887 172889 172901 171034 171020 174130 169409 170976 170974 170964 170961 170958 170960 170957 9400 9373 9371 9357 9344 9323 9322 9321 9316 9314 9308 9307 9306 9304 9303 9302 9299 9298 9297 9296 8656 8651 8645 8642 8616 8592 8591 8589 8586 8588 8594 8600 8605 8621 8624 292 286 283 281 285 258 249 255 262 288 302 183 196 12566 12565 12568 191 2751 2746 2726 2745 12597 12595 12592 12590 12589 12586 12587 11114 11085 11180 11181 11182 11184 11185 11187 11188 11201 11205 11208 3052 3017 3055 3065 5913 5909 5906 5905 5908 5923 5928 5935 5938 5945 5956 5970 20414 20418 19286 19266 19282 19290 20431 20495 22503 22498 22496 22495 22497 9631 9575 34229 34228 34227 34226 34225 34224 34223 27950 27942 27940 27906 27897 27895 27891 27888 27885 27878 27877 27876 27874 27875 13884 13883 13882 13881 13867 13868 13880 13891 13899 15818 15819 15822 15823 15814 15810 15807 15799 15801 11011 10977 10989 11022
10929.08 mins
8570.71 km
6.39 km
8564.32 km

2773 2775 2768 2776 2778 208 231 2756 2735 2746 2726 2745 12597 12595 12592 12590 12589 12586 12587 11114 11085 11180 11181 11182 11184 11185 11187 11188 11201 11205 11208 3052 3017 3055 3065 5913 5909 5906 5905 5908 5923 5928 5935 5938 5945 5956 5970 20414 20418 19286 19266 19282 19290 20431 20495 22503 22498 22496 22495 22497 9631 9575 34229 34228 34227 34226 34225 34224 34223 27950 27942 27940 27906 27897 27895 27891 27888 27885 27878 27877 27876 27874 27875 13884 13883 13882 13881 13867 13868 13880 13891 13899 15818 15819 15822 15823 15814 15810 15807 15799 15801 11011 10977 10991 11012 11041 173939 173938 10728 10706 10712 155609 155624 155613 155603 155596 155592 155587 155586 155578 155575 155573 155571 155566 155565 155563 155562 155564 144951 144932 144911 144907 144922 144957 143935 143928 143894 117181 117179 117157 117144 117117 117113 117108 117106 117104 117103 117098 117112 117116 117124 117129 117130 117147 117165 117185 122842 122838 122841 122839 122826 122825 122824 122820 122817 122816 122815 97084 97066 97061 97057 97056 97055 97053 97052 97048 97047 97049 97058 97078 97087 97093 97107 94913 94912 94907 94896 94881 94892 94890 94909 97025 97024 97023 97026 80831 80807 80797 80787 80754 80753 80752 80745 80746 80744 80743 80739 80738 80733 80728 80731 80734 70630 70649 70655 79063 79062 79061 63728 63717 63729 69299 69297 69296 59750 59742 59685 59673 59662 59661 59660 59658 59667 52832 60015 52917 52894 52870 43804 49518 49516 49513 43770 43755 43774 41643 41635 41632 41640 41661 43742 43730 43732 35117 35113 35110 35076 35073 35068 35070 35071 35074 35049 35047 35045 35046 35048 35052 35075 33421 33419 33400 33393 33390 33384 33385 33388 33414 33469 35565 35564 35563 27049 31682 31657 31648 31645 31641 31636 27063 27066 31614 31609 31597 31592 31591 25256 19864 25194 25188 25197 25203 25230 25247 25255 29028 21293 21280 21276 21275 21258 21269 21256 21265 21254 21239 21251 21260 21274 15776 21302 8180 8168 8173
9002.96 mins
6565.26 km
4.38 km
6560.88 km

6979 6974 6980 6988 6999 7009 6996 7003 7018 7023 169047 169049 169048 169053 169055 169061 169057 166325 166310 166301 166286 166267 166285 166276 166263 166288 162889 162860 162853 162832 162822 162807 162799 162792 162788 156315 156290 156298 156318 154160 154132 154112 144718 144707 144720 144696 144675 144682 144691 144671 144655 144663 144673 140119 140105 140078 140070 140063 140053 140030 140022 140016 140015 140017 140018 140019 126904 126878 126845 126821 126819 126816 126813 126815 126824 110131 110102 110066 110084 110082 110077 110040 110037 110034 110033 110032 74410 74391 74384 74380 74356 74354 74350 74344 74329 74326 74324 74323 74322 74319 74337 74320 74317 74316 74315 74314 74313 67306 67293 67283 67290 67312 70117 63982 70106 63967 63983 69695 59164 59151 59138 59118 59107 59105 59104 59103 59101 59087 59081 59061 59058 59059 54798 54791 54796 54786 54772 59049 53227 53220 53208 53195 53178 53153 53157 53154 53159 53148 53141 53135 53124 53123 53127 53129 49907 49883 45548 45549 45547 45514 45499 45488 45475 45476 45465 45453 45479 45502 45506 42904 45496 39056 39022 39012 39004 39000 38996 38991 38986 38984 38992 38987 38989 38977 38975 35989 35961 35937 35929 35942 38617 38607 38600 38598 38586 38585 28772 28764 28779 28774 28738 28743 28733 28730 28697 28696 28678 28676 28674 28672 28675 13189 13179 13175 13163 13159 13161 13162 13156 13143 13139 13138 13135 13133 13134 13140 13145 1044 3487 3484 3476 1035 174953 1050 3431 3432 3435 3436 3437 3444 3461 3481 3494 3497 3531 3544 167101 167106 167102 167108 167111 167114 169755 169753 169751 169746 169726 169718 169717 169716 169713 169711 169701 169704 169706 169709 10211 10184 10162 10167 10165 10164 10159 10154 11177 11178 6609 6579 6576 6573 6580 6605 12185 6631 6626 7378 7338 7302 7287 7303 7331 7377 11687 11691 11693 11700 11694 11690 11692 4955 4928 4939 4915 4905 4891 4878 4870 4864 4859 4865 4868 4880 4895 4902 3642 3648 3643 3622 3618 3628 3632 3662 3655 3660 13661 13662 3755 3752 3756 3767 3773 13253 13252 13254 13255 13256 6133 6058 6043 6092 6100 6135 12317 12318 12319 12320 12321 1171 1141 1140 1148 1165 1158 1167 10467 10456 10448 10408 10390 10399 10400 10404 10411 10416 10423 10426 10432 10441
7657.48 mins
4309.46 km
1.04 km
4308.42 km

10951 10947 10946 10945 10944 10952 10959 10960 10962 10967 10987 11027 11040 11044 11548 11530 11522 11509 11503 11485 11480 11474 11469 11468 11470 11478 11484 11496 163212 163213 163214 9568 9564 9548 9544 9545 9549 9551 9552 9559 9575 9631 22497 22495 22496 22498 22503 20495 20431 19290 19282 19266 19286 20418 20414 5970 5956 5945 5938 5935 5928 5923 5908 5905 5906 5909 5913 3065 3055 3017 3052 11208 11205 11201 11188 11187 11185 11184 11182 11181 11180 11085 11114 12587 12586 12589 12590 12592 12595 12597 2745 2726 2746 2751 191 186 162 157 153 163 146 142 158 160 184 181 167 176 185 221 167669 167654 173127 173132 173129 173126 173125 167678 172229 172232 163314 163311 163292 163276 163269 163243 163248 163255 163253 163250 163270 163268 163277 163287 154043 154008 154003 153979 153970 153955 150501 150484 150475 150462 150490 144190 144173 144159 144129 144102 144097 144123 144122 144121 144104 137332 137318 134069 134048 134032 134026 134018 134013 128222 128197 128184 128176 128163 128159 128152 128148 128139 128135 128128 128127 128126 128123 128121 128119 110138 110109 110100 110134 110120 110106 110089 110080 110074 110069 110059 110045 110036 110035 110033 110032 74410 74391 74384 74380 74356 74354 74350 74344 74329 74326 74324 74323 74322 74319 74337 74320 74317 74316 74315 74314 74313 67306 67293 67283 67290 67312 70117 63982 70106 63967 63983 69695 59164 59151 59138 59118 59107 59105 59104 59103 59101 59087 59081 59061 59058 59059 54798 54791 54796 54786 54772 59049 53227 53220 53208 53195 53178 53153 53157 53154 53159 53148 53141 53135 53124 53123 53127 53129 49907 49883 45548 45549 45547 45514 45499 45488 45475 45476 45465 45453 45479 45502 45506 42904 45496 39056 39022 39012 39004 39000 38996 38991 38986 38984 38992 38987 38989 38977 38975 35989 35961 35937 35929 35942 38617 38607 38600 38598 38586 38585 28772 28764 28779 28774 28738 28743 28733 28730 28697 28696 28678 28676 28674 28672 28675 13189 13179 13175 13163 13159 13161 13162 13156 13143 13139 13138 13135 13133 13134 13140 13145 1044 3487 3484 990 1000 1042
9028.77 mins
6224.23 km
0 km
6224.23 km

